time,x,y,z,phi,theta,psi,x_velocity,y_velocity,z_velocity,phi_velocity,theta_velocity,psi_velocity,rotor_speed1,rotor_speed2,rotor_speed3,rotor_speed4
0.06,2.6417109523612967e-08,5.4800120880545805e-08,10.004415898472699,6.282767021355527,6.282822729917168,0.0,1.6141150357529243e-05,-1.4357343630039103e-05,0.14718826697321732,-0.026980961484267152,-0.022257609953452752,0.0,452.7741608145988,450.9803344882216,452.4572123115372,450.28023737815937
0.12000000000000001,1.4966899377443134e-05,-1.5966116143784927e-05,10.018444350325689,6.281952730332275,6.28144458598684,0.0,0.0006349312999475796,-0.0006474359421729018,0.32039323968553507,0.004819194973840035,-0.02443118713457054,0.0,459.82929489066447,459.65708267362197,458.1533496838579,460.67435013698116
0.18,9.037890671777544e-05,-7.68604412901774e-05,10.038648546871135,6.281961515175293,6.280188344612139,0.0,0.0020033319220531913,-0.0013666369011638704,0.3530698912631568,-0.011389069767311723,-0.014733981756434799,0.0,413.23001369394507,414.0837696443962,417.2630082957837,415.8458735731745
0.23999999999999996,0.00027806069615984614,-0.00018760718427179697,10.063608407626308,6.281469557122467,6.279550756072769,0.0,0.0043319848783078905,-0.0023863535144737825,0.47888017499032254,-0.0024809496820811412,-0.0034690022318875115,0.0,445.2818899601715,446.20244710892257,444.2247063256051,444.9545734597068
0.3,0.0006372730050765001,-0.00037636576198104416,10.101752766948492,6.282179693057582,6.279457818952984,0.0,0.007660934116827202,-0.0038552864343223796,0.7924345275563374,0.031081934277379576,0.0020386768169557566,0.0,499.98316333924276,500.3842414207035,499.3496056378805,501.7915645541752
0.36000000000000004,0.0011723317155739417,-0.0006209105925760516,10.151991724838117,0.0010738302003323597,6.279201561459306,0.0,0.010176191712402966,-0.0040971842547130165,0.882132105052659,0.04098900516510528,-0.021513244864860316,0.0,435.26060999256543,433.28539493091847,433.86243491348586,434.6938500835211
0.4200000000000001,0.0018686381011153465,-0.0008354553947757628,10.207701688886768,0.003571875531751978,6.278391619147094,0.0,0.013136158637646401,-0.0028042573127904863,0.9747909407830377,0.04289366949258521,-0.0009834448185011566,0.0,434.09124175213014,435.81044365764717,435.70973561586504,435.8698873571972
0.48000000000000015,0.00274905894669368,-0.0009259863158819452,10.267718770761261,0.0062051180744120416,6.2782184801957985,0.0,0.016221689707121543,3.3095175584539225e-05,1.0257326875594108,0.04580363632277642,-0.006991070677971207,0.0,422.05636482295733,421.5376592249792,422.1344922296039,422.3866896576636
0.5400000000000001,0.0038305742235550757,-0.0007798445599505171,10.333084917299614,0.008863070569811171,6.2773405320010855,0.0,0.01988857346454392,0.0051243180680306515,1.1530164440270532,0.041107517701093665,-0.03784921237225924,0.0,447.6536558465078,445.1358640920131,446.89316960840046,446.51136822318574
0.6000000000000002,0.005138754512182668,-0.00030135497816414776,10.402929734422978,0.010817947075933532,6.27480118590252,0.0,0.02393310933019135,0.0110354123632932,1.175117966680444,0.004152081351457539,-0.05323975306815354,0.0,413.0249773373619,411.6643128248289,414.919144295119,411.6627239536776
0.6600000000000003,0.006808905082373403,0.0006448043368089948,10.48185801727323,0.011528559011845019,6.271497796324621,0.0,0.03215352698452596,0.020565721740867435,1.4555060905269743,0.02395764732721992,-0.05896127601336154,0.0,492.23759782922474,491.81233071990164,491.63655125913044,493.1015460881828
0.7200000000000003,0.009033846010722768,0.0021612659895472912,10.575486735767853,0.012904216768448329,6.26792497363051,0.0,0.04242797325169373,0.030145981617554257,1.665161971563371,0.02078388078605976,-0.060744567659276785,0.0,472.34288242509035,472.20308109152705,472.8312683225808,472.58672839654474
0.7800000000000004,0.011898930052970151,0.004233743908611157,10.677799792507367,0.014359505409301754,6.264581721165436,0.0,0.05341743204504827,0.039069521359306726,1.7451463830139462,0.030421800539824198,-0.047204886346506214,0.0,432.5181650016861,433.6546411090821,433.0983749099706,433.90827191776157
0.8400000000000004,0.0155288609181166,0.0069057414898789455,10.787108634807357,0.016695688201561865,6.262407862984961,0.0,0.06784393116080917,0.050226225319293716,1.8982305900360095,0.052060215183752444,-0.020313693040274063,0.0,455.75063807032876,457.8940470132443,455.17880171520136,456.90772927222116
0.9000000000000005,0.019998366213799232,0.010247866136697833,10.902342191391634,0.01928762753921376,6.261426550713576,0.0,0.08124012486219692,0.06145692719313284,1.94280504586047,0.012327785597777145,-0.009426430205341473,0.0,421.78938077462794,422.7285920154613,424.6930081731537,421.27245341102173
0.9600000000000005,0.02527689938867128,0.014295640804224328,11.019732037782877,0.02105035365338548,6.260502772116784,0.0,0.09477404598101365,0.0735933805958458,1.9701380980049874,0.05100874516080318,-0.03133509955814028,0.0,418.23626405499766,416.32385194459704,415.20115666757744,418.58109937222537
1.0200000000000005,0.031427568554174,0.01914797683250063,11.140482702109807,0.023698034877971175,6.2594128543983345,0.0,0.11038453534286316,0.08843815888291738,2.054724526078004,0.02452802696412521,-6.619498474405225e-06,0.0,434.18633435420134,436.8065580986007,437.4063328630975,435.19663928603103
1.0800000000000005,0.03858055205760237,0.024989600486806863,11.268434167540729,0.02530988179884819,6.2600579696742304,0.0,0.12799905811862064,0.10644579047541525,2.210032289408628,0.03116822125472334,0.02644052454971409,0.0,456.99143410934767,459.0945140163701,458.22224233670613,458.7499164758698
1.1400000000000006,0.04669961326619539,0.03186979412111144,11.402607525978812,0.026734221558597504,6.261483529811795,0.0,0.14248978676015703,0.1230544702041528,2.2623084336373798,0.0015938016740597982,0.017771364004757387,0.0,427.67023691788603,426.9313182970569,426.8636520374131,424.3325744467259
1.2000000000000006,0.05572744005601321,0.03984964042592185,11.542940819819906,0.027677879907857417,6.2625045104198875,0.0,0.1583157841306912,0.142998853674892,2.415156595793862,0.034803954805620575,0.01546194447762113,0.0,459.50643417928336,459.3232385623254,455.9549896499265,458.60036800740846
1.2600000000000007,0.06565612376360118,0.04901902732305885,11.691179071055492,0.029209257984973647,6.263795456351843,0.0,0.17251759307268014,0.16284440461025412,2.5258748742362473,-0.009097919565540347,0.031483368755280815,0.0,445.1496605394224,446.4587466638571,448.04828188208234,444.46491266920356
1.3200000000000007,0.07632810739065587,0.05928098719841033,11.841950201061174,0.028956400637735413,6.265516099973894,0.0,0.183064371907699,0.17918988491704918,2.4998897453042153,0.0041014941975326975,0.022375124320229835,0.0,401.72151624476385,400.89508920572297,401.30194854004304,402.4983569189245
1.3800000000000008,0.08765683501711244,0.07060827680133673,11.994154427496635,0.02918708938447878,6.2673875044009755,0.0,0.19439447390238918,0.19840439908833882,2.5734224330258013,0.003326413218382465,0.044673791122646175,0.0,433.6889352476681,435.5581426430039,434.7082609841694,434.64323547131585
1.4400000000000008,0.099570920037012,0.08299197830366409,12.147327300845326,0.02914891017697041,6.270136872815602,0.0,0.20252162073896254,0.21439531121581312,2.5324347758294086,-0.010054419331814397,0.048026448449689424,0.0,396.55545972638225,396.86481342731895,397.11415049596593,395.8848580972795
1.5000000000000009,0.11203781940900481,0.09659026004977397,12.306928955040854,0.028089531065640827,6.27315745829366,0.0,0.21266430185438856,0.23876872440039623,2.7870415667205357,-0.04066880191815472,0.054613293480801496,0.0,488.7890322110873,489.28099325674305,490.9406693878333,488.6639356903241
1.560000000000001,0.1250253333295071,0.11158807895245515,12.480834129468388,0.02542400254195787,6.27671291056963,0.0,0.21983460774301705,0.2608368356785725,3.0092523067381896,-0.05325676443282971,0.06721837942903876,0.0,481.14475307653555,482.100241518909,481.3950829170269,480.4406283297607
1.620000000000001,0.13833473617572795,0.12776148128442968,12.66484445033001,0.022453980010098462,6.280641368825485,0.0,0.22339404699740245,0.27794700243142545,3.124130414955479,-0.04288624766479654,0.06173761999486712,0.0,449.4053016351597,448.9639441511487,450.900994813999,451.7365049836536
1.680000000000001,0.1517703983421078,0.14484031876488332,12.853002633604412,0.019443459306351052,0.001378942481927048,0.0,0.2241133894658526,0.29109743965764745,3.147753026490192,-0.07163254234942812,0.07181861474373408,0.0,420.376753639088,421.25280754475483,423.8107120238918,421.3306132506485
1.740000000000001,0.1651695238185099,0.16269469742884388,13.045164265114117,0.015078784327124062,0.005454814074162151,0.0,0.22208863423851857,0.3035927979542244,3.25734047449927,-0.07506561012920851,0.05873406799062465,0.0,449.7895768337326,448.7320118430905,449.58415332795767,449.30186218157945
1.8000000000000012,0.17835476249989127,0.1812289892684994,13.245503676847573,0.010657901584349538,0.008916988051644203,0.0,0.21703264117161114,0.313711480623461,3.420176709850933,-0.07104887089664344,0.0555573526997673,0.0,465.41360744711193,465.16703795304636,466.9497545243739,467.25905638435984
1.8600000000000012,0.19119159891791362,0.2002373638641737,13.452203843470308,0.006135873993994068,0.012311856532143395,0.0,0.21054463681308436,0.31948376421360253,3.4696862795322145,-0.08581481030040145,0.05855310600126597,0.0,431.47748238701115,431.73261863487136,432.9389054226871,431.68992881205804
1.9200000000000013,0.2035762156105492,0.21950145284441813,13.661653362022442,0.0015609078434417611,0.01594412011559765,0.0,0.20194296578985138,0.32219968914143576,3.5118400866763695,-0.06189591573668283,0.06423613002145437,0.0,429.1432924903592,429.62816747411625,429.3823741928901,431.4017908311999
1.9800000000000013,0.21538426966581217,0.23884533881546102,13.873055868540979,6.2810478783362065,0.019935425899586967,0.0,0.19130379096114208,0.32225896376764485,3.534839417545586,-0.06113012437765008,0.07073851150298431,0.0,423.1227736410777,423.6857477428357,424.37053678089353,424.4333490481611
2.0400000000000014,0.22637931347634543,0.25811110198956727,14.090665444529353,6.277318387519783,0.02426562946717059,0.0,0.1747190146367892,0.3195106292552171,3.7182308015569334,-0.06429689872554352,0.07488815049722569,0.0,473.2120889910871,473.5350879924581,474.64169181941713,474.39606766201166
2.1000000000000014,0.23620204403321451,0.27710465319899313,14.32229963599467,6.2730375806597145,0.028671432926530294,0.0,0.15215401366156758,0.313095225243733,4.001951334539451,-0.09168934098139347,0.07034342394413495,0.0,503.788497578286,503.4632645216561,504.8984176313752,502.91463933508373
2.1600000000000015,0.24476238035889847,0.2956708961283305,14.563972712453838,6.267781907001297,0.032642110677153724,0.0,0.13280571840458275,0.3052704204243229,4.053626867266604,-0.08046084133813787,0.0561800052312926,0.0,437.4882870397236,436.31059200301206,436.12158224169116,437.05192721668345
2.2200000000000015,0.25208250633125034,0.31366565348106207,14.808911293749633,6.262741347767861,0.036392736941889936,0.0,0.11086275432772878,0.2940859139053947,4.110776294313945,-0.09226156169874819,0.07285037296719314,0.0,438.76353789484983,440.1482712431139,438.8447222804299,437.8580550954303
2.2800000000000016,0.25790908351436376,0.33083156902201566,15.059994596305048,6.2579032218376955,0.04067110538882801,0.0,0.08290504893942444,0.2775637921215246,4.25810865845036,-0.06403482894194955,0.06802540502227801,0.0,468.39990649724496,468.02811660750524,465.1001604497874,467.30052949096677
2.3400000000000016,0.26206295941863084,0.346967126664523,15.317534870524145,6.25430030937831,0.04516830980651321,0.0,0.05514849872673083,0.25993395485508036,4.326288997783869,-0.053079393395054374,0.08608475231417424,0.0,442.8701641078387,444.3575360905632,444.0495231750974,444.94481613684616
2.4000000000000017,0.2643764129978782,0.36192383524086363,15.580954963731594,6.251559713046994,0.05044256803806402,0.0,0.021435490132803922,0.23832785953347135,4.453861252175478,-0.03393071371659617,0.09131320691364919,0.0,462.74672450730793,463.16421563475143,462.25207199989654,463.75748835277204
2.4600000000000017,0.2646573029969557,0.37559531537533325,15.849971255289736,6.249139163762683,0.05532784013478764,0.0,-0.012580362020843781,0.21718868909067163,4.5130828873937725,-0.05798212343883604,0.03773842887791998,0.0,445.66565536939316,441.26895818128526,443.3663816589106,441.3846904630756
2.520000000000002,0.2625891412224869,0.3878064961139664,16.126569274348373,6.245348647904219,0.05801529196215416,0.0,-0.05660297307429381,0.18946152842535505,4.706046131765006,-0.07637486409056014,0.056086684644962616,0.0,484.0204628657642,485.4004149128314,483.815461302638,482.4258773900964
2.580000000000002,0.2581942276978508,0.39851190944440323,16.408241972093077,6.240500177387823,0.06141986115649534,0.0,-0.09018192256493313,0.1669892106312808,4.68310323804934,-0.09159872492116199,0.05802329950451381,0.0,417.8080074747051,417.97926543222854,419.7690170866454,418.4398159857918
2.640000000000002,0.2515041628475768,0.40762772999805236,16.692111085267204,6.235180827215878,0.06464687760972865,0.0,-0.13313588404307886,0.13634256467458977,4.7787572852243665,-0.08334200575863912,0.0435661251480014,0.0,456.89647680412196,455.744064759158,456.20729097374124,456.8598180185715
2.700000000000002,0.24187601506321793,0.4145748271676832,16.986255443421648,6.2299362305736,0.0680145616298713,0.0,-0.18811120102912401,0.09464996729757143,5.024945429338343,-0.09712194794936789,0.07368490527221809,0.0,500.8276433352354,503.01530780860764,501.47090389425034,500.46335378929945
2.760000000000002,0.22935440185457406,0.41927684304056323,17.287966291104393,6.2243679039207365,0.07250121035479751,0.0,-0.22966579249493838,0.06158632347270512,5.031988228935786,-0.08533584540844227,0.07687651732958325,0.0,432.0347437455457,432.3083478160202,430.7037542609426,431.69192966138263
2.820000000000002,0.2140772326132286,0.4217503851045991,17.59255679631533,6.219045601064408,0.07691983778185918,0.0,-0.27999684682928433,0.020370175721781847,5.1205580235266295,-0.09647165446408065,0.06623938773980358,0.0,458.55417667189397,457.71230236767747,457.6756670079407,456.7819988784904
2.880000000000002,0.19554581417778616,0.42151781213254236,17.90433358145896,6.213021340857839,0.08061253616708974,0.0,-0.33808433462223597,-0.028718318177220564,5.271226676960805,-0.10972678032545342,0.0499496664292284,0.0,477.30754452228314,476.0649548846481,478.50291140624995,477.4846141613461
2.940000000000002,0.1735454755428005,0.41828658452419776,18.223975078218952,6.20608046773005,0.08385180548539584,0.0,-0.395540408983498,-0.07964470842780842,5.38287246548499,-0.13154232022574644,0.06103692572330851,0.0,467.390648098491,468.2558247741912,467.55223288592913,465.8376383975689
3.000000000000002,0.1481370523476115,0.4119509199514993,18.549007993696502,6.19811332117915,0.08731691997773794,0.0,-0.45172555058664593,-0.1322850098702804,5.451118485886854,-0.13539348716711175,0.05020758896321488,0.0,456.153203323596,455.28964493116564,454.99187842771624,454.66760330018633
3.0600000000000023,0.11962010955658664,0.40262237975605814,18.874399084861793,6.190177412634389,0.08992843226673841,0.0,-0.49908703833619933,-0.17931767833297257,5.395410390653796,-0.12665164649570976,0.02477512455201753,0.0,418.04159165534503,415.82027181207445,414.79451236762156,415.5441659819846
3.1200000000000023,0.08792759905839446,0.3900385156349041,19.199695873690576,6.1829321373441495,0.09153417904199923,0.0,-0.5574521859485403,-0.24081642672545783,5.447450306221389,-0.11100969725359944,0.030466607839495296,0.0,451.094545728162,451.5541309398496,449.73754756640056,450.9897932049572
3.1800000000000024,0.052740241871544295,0.3736722967424898,19.52767469322882,6.175962299427486,0.09311651501508056,0.0,-0.6156006522119288,-0.3053264234646565,5.484873222809877,-0.12922636004751392,0.016577210034850125,0.0,447.80784588674516,446.67653432713564,447.5317257481378,446.0340104325912
3.2400000000000024,0.013835817444401271,0.35306880453698675,19.860016160030764,6.167866335058228,0.09393523196380471,0.0,-0.6812566725345534,-0.3822039124089228,5.592503464349564,-0.1498874765492336,0.007020469568856566,0.0,469.3865960040778,468.6441203588904,470.5033251319226,468.884650219213
3.3000000000000025,-0.028506858666562575,0.3283189784669735,20.193350235510437,6.158557522526596,0.09450161828053716,0.0,-0.7302369056334039,-0.4435204802174369,5.51885350621104,-0.16855272860500267,0.013885652355779047,0.0,412.2506657175314,412.8568476784601,413.32870171802034,411.65488352866964
3.3600000000000025,-0.0742165429445558,0.29918910059339665,20.52660927969528,6.1485276842385215,0.09529550870146775,0.0,-0.7934648023543015,-0.528403389231127,5.589239487369254,-0.16452536722678865,0.0118900581029724,0.0,459.00337075123696,458.8448214954032,458.93894535388085,459.23279637362174
3.4200000000000026,-0.12380794925456917,0.2646688838995593,20.86479469798355,6.138414024435539,0.09675215646457769,0.0,-0.8596533227854197,-0.6232002368139491,5.68291574740455,-0.17817115276608647,0.04166330436112492,0.0,466.7397963239929,469.0581367636012,467.2140307637969,466.1227994093719
3.4800000000000026,-0.17725550218138747,0.2244799297495495,21.207022561271085,6.127422444870406,0.09880616302240863,0.0,-0.9221297041014542,-0.7173914479062286,5.724211207271445,-0.19581174207236615,0.01208852667319505,0.0,453.91765428580595,451.5380221717968,453.08022050624515,451.6272063068335
3.5400000000000027,-0.23407779515013175,0.17907554409603335,21.547633725796125,6.115882506734881,0.09940755132472034,0.0,-0.9720427652243031,-0.7969991879208413,5.629736351666128,-0.18616017847000102,0.005534383030368168,0.0,409.25514339004286,408.671115737192,407.78574025212595,408.6074528628469
3.6000000000000028,-0.29479111964749394,0.12722864522891844,21.89130351797433,6.104349463945804,0.09932891190771187,0.0,-1.0516542398071211,-0.9323504381444492,5.824590243836187,-0.2084467385521535,-0.020766020046755155,0.0,500.6060605362088,498.68837421653404,499.69399138905436,498.0342825770035
3.660000000000003,-0.3594917168009561,0.06840187338230437,22.238873269060953,6.091452451756748,0.09773822940806465,0.0,-1.104956962747766,-1.029565661337141,5.761106477226423,-0.23291708714007356,-0.041626108961579186,0.0,421.3323382337058,419.5242919251247,423.92423736075125,421.7666801826507
3.720000000000003,-0.427802683092676,0.002667594516452515,22.587003578445316,6.077371778402139,0.09553437461175385,0.0,-1.1717989925453975,-1.1628611095817873,5.842423110986689,-0.23844696107358454,-0.02840027242982464,0.0,467.999890300166,469.0278005043585,468.45229364992036,467.9701328711296
3.780000000000003,-0.49993150954533694,-0.07101635674199494,22.938388043265398,6.063563923095913,0.09382374465092891,0.0,-1.2323228401124993,-1.2944880573287068,5.869831976324216,-0.2172654580306708,-0.028731834375334664,0.0,453.4438193450051,453.416972138302,452.2440463554049,453.8951914755041
3.840000000000003,-0.5758057695208169,-0.15318508861923447,23.29285035134724,6.050261177256164,0.09161677292029324,0.0,-1.2965929312534714,-1.4456339834465635,5.9447207319223505,-0.2325285381447496,-0.06223050538002185,0.0,469.80653629767085,467.20065801821784,470.7313649095833,469.5024296932766
3.900000000000003,-0.6552466551959756,-0.24407428996968517,23.649174335141314,6.036147505850051,0.08847154462175322,0.0,-1.3511493582890057,-1.5851800191051943,5.932354129215355,-0.24124847425554477,-0.03778612095451392,0.0,442.7967085401068,444.8015394703362,443.4659668966773,442.69346970917684
3.960000000000003,-0.7381818339183347,-0.3443334207833067,24.00764260007504,6.021652289120578,0.08635668783963268,0.0,-1.4130912697718776,-1.7580641107138872,6.015552779547756,-0.2422712018368294,-0.03060175903359554,0.0,474.9445109506216,475.4948598044007,474.098332009421,473.9653907776932
4.020000000000002,-0.8245008264751188,-0.45436693080152374,24.367730110926384,6.006896113682995,0.08402124991774063,0.0,-1.4640517576970897,-1.9109152007397756,5.986950001258757,-0.25449424728330156,-0.0660088758719893,0.0,442.5754248123215,439.64975300990204,441.8590052406494,440.78863582523155
4.080000000000001,-0.9137912446216504,-0.5736803945772816,24.725536641393823,5.991575775195393,0.07987808725643397,0.0,-1.5119854453272343,-2.0674373536665067,5.9395951356976715,-0.2570803962593111,-0.07596252546554091,0.0,436.5858199941228,435.7505855845954,435.79314208345806,435.5099001221115
4.14,-1.0059657659721013,-0.7029080376220961,25.081327774142377,5.976301835683344,0.07494454297220088,0.0,-1.5601003022987752,-2.241403495794087,5.919553507728081,-0.24996805778436212,-0.09926839636091435,0.0,446.11758640345613,444.2043094785577,446.25156603609776,446.76709914105965
4.199999999999998,-1.1007628522400494,-0.842102281630766,25.433546682704552,5.961520411177428,0.06871833354148293,0.0,-1.5993932771480506,-2.399581931104945,5.820986654931768,-0.23998043376168288,-0.11476662195550155,0.0,420.95166460321497,419.5978129096489,419.92159916667407,420.72264118143494
4.259999999999997,-1.1979378709102846,-0.9915332223106498,25.78135034280935,5.947279794356607,0.061919389595123775,0.0,-1.6392308730788294,-2.582599230820352,5.772039165043436,-0.2325412073503758,-0.11056372700457982,0.0,438.0811763301829,438.41896442603263,436.9094361820162,437.4721148680516
4.319999999999996,-1.2976355948796472,-1.1534878793470928,26.129860863261293,5.932733576345166,0.0557119728251827,0.0,-1.6833520892520464,-2.8170173521553856,5.843733752709782,-0.2857149551168707,-0.09209582207321239,0.0,477.5967715012612,478.994881565495,479.7893443340453,475.67580696999215
4.379999999999995,-1.3995489259050047,-1.3278362726362918,26.47720866508499,5.9150650545506664,0.05063979415845399,0.0,-1.7134059860305957,-2.995921039984323,5.734261963897058,-0.3244026161572663,-0.07259503660645787,0.0,419.6640781272491,421.3472869410494,422.193758144698,418.7447360553009
4.439999999999993,-1.5034103067141502,-1.5147320970376095,26.821861661747047,5.895060646676715,0.0464789841378801,0.0,-1.7482283907728395,-3.2354923784351897,5.752868910333742,-0.3652186908745241,-0.06353727838586135,0.0,465.1270304813815,465.8325722736085,466.12814295216566,462.8142890557857
4.499999999999992,-1.6093483831844546,-1.7168877481201106,27.168708305720237,5.873295954539458,0.042649083772572816,0.0,-1.7826326272615511,-3.5047620742832817,5.806914734420396,-0.3582200558103017,-0.06442677661444138,0.0,479.52988465823637,479.4596506063921,479.1369856812046,479.5435910182784
4.559999999999991,-1.7170269765653747,-1.9332313897412117,27.51317203463411,5.851430186337009,0.03894072160021178,0.0,-1.806409988755189,-3.7082472116510146,5.674679475098204,-0.38120050543600015,-0.057023565701465724,0.0,418.47279360119336,419.11389176541144,421.90443757098046,419.76824258151936
4.6199999999999894,-1.8261736719986297,-2.1630817370955486,27.85168479026897,5.8284300904613495,0.035035660446546046,0.0,-1.8315230708094743,-3.955083874067356,5.607893326593884,-0.38797071817231504,-0.09057555814502433,0.0,445.91187225799285,443.1582027962374,445.3992936508518,444.69299766635106
4.679999999999988,-1.9367307286391802,-2.4077285450011243,28.18524309649317,5.805916815468164,0.029014736401118846,0.0,-1.8532937905114575,-4.201412384846267,5.509665523828341,-0.357517372639473,-0.14134667479592902,0.0,439.92548690187533,435.68950282865205,433.9837836136566,436.38251230407434
4.739999999999987,-2.048541219875511,-2.6682938511880687,28.514274435947993,5.784505007799593,0.020694636979518677,0.0,-1.8730036650725872,-4.485587356904127,5.456607317473741,-0.3555905469430238,-0.13379287714790158,0.0,454.3456545779073,454.9336296648584,455.5425071828728,455.5687523958382
4.799999999999986,-2.1613119134835097,-2.9442017864195558,28.836178538281008,5.763299514534694,0.01262168789149598,0.0,-1.88551830972524,-4.712797327875822,5.272976631043936,-0.3494231577200742,-0.13610451770662105,0.0,410.0448175338509,409.82097165463784,410.42909227211925,410.83632722045127
4.859999999999984,-2.2748150279207766,-3.2378070467054205,29.153481801822156,5.742561029534102,0.004463037254789803,0.0,-1.897088851911338,-5.0753436369703095,5.30145430483632,-0.3390034513792279,-0.13572497901814856,0.0,488.530907313646,488.5439580360666,488.1202477720682,488.78619555831943
4.919999999999983,-2.3888384760531416,-3.552107870005359,29.46985288158355,5.72263116721879,6.279321919203731,0.0,-1.902982177859804,-5.402570584352998,5.242476439722378,-0.32117053623830905,-0.14569145970220965,0.0,463.52982371762306,462.7286245071203,463.6978197982149,464.9885261441241
4.979999999999982,-2.503077631324225,-3.885435768901498,29.780991173878572,5.702969867627594,6.27036179826295,0.0,-1.9043074659011126,-5.709533828757982,5.12738005487902,-0.34568568338123945,-0.157843712978065,0.0,448.1336289676163,447.1235142960194,448.5778768202465,446.47141604906227
5.0399999999999805,-2.617215432125633,-4.238940412683302,30.08722402389459,5.682601305756673,6.261409463444336,0.0,-1.8994745627188057,-6.0750417369057,5.0781816002269125,-0.3293206067135889,-0.1359441015282935,0.0,474.5319349487536,476.19080895394774,474.84753325151877,475.9910829432558
5.099999999999979,-2.7309326520339603,-4.613994538256502,30.389203674702372,5.663354294787183,6.253327177814345,0.0,-1.890440257659025,-6.427747618689812,4.985852606765473,-0.3076595115183087,-0.1323371539834716,0.0,465.3160203230202,465.5825387789068,463.92848979625717,465.52558487958504
5.159999999999978,-2.8440478289957647,-5.009076529256331,30.683406239157858,5.644892736778312,6.245011549266344,0.0,-1.8794995789060087,-6.742653809872166,4.819487515751433,-0.3077587835122395,-0.15559813286368884,0.0,443.6185715103788,441.68539239800464,440.89364802142813,440.78800344264766
5.219999999999977,-2.95634519450417,-5.423860147683072,30.9681493236814,5.626541158336314,6.235825187417518,0.0,-1.863070264967682,-7.084359965506571,4.670236713365599,-0.3023176374630245,-0.14854264518302165,0.0,452.3974459839983,452.94369687749986,451.8237783919046,452.16868373328435
5.279999999999975,-3.067642635173676,-5.85783173456298,31.24166700661496,5.608596960498009,6.227176723721289,0.0,-1.8462977294290213,-7.382358312937662,4.4458386323600125,-0.29327204146328206,-0.1365466770399347,0.0,425.57224392532527,426.5776734928139,426.61251807152485,427.2893153773655
5.339999999999974,-3.1777671358729296,-6.310527557324368,31.502280377036847,5.590851163174939,6.218839284494271,0.0,-1.8239839742878452,-7.708357427003809,4.2397756474002115,-0.30126453225281086,-0.1442697397419323,0.0,437.90167521409484,437.2402297867201,438.13322023547573,437.3773538157123
5.399999999999973,-3.2865094499109504,-6.782312870861475,31.749451221394327,5.5729752147877605,6.210382590549774,0.0,-1.800244888870666,-8.018723157308406,3.9979004509491953,-0.29199956967316815,-0.1350160245716559,0.0,426.3632457496714,427.1339629823806,426.58671804471004,427.283012013046
5.4599999999999715,-3.3936908498655733,-7.273213925550389,31.982196075516548,5.555634975155314,6.2029733908676175,0.0,-1.7720070887985542,-8.345433835745661,3.7587292629618334,-0.28361290461411415,-0.1069918173134915,0.0,431.1765570132082,433.52361348092603,431.5302111041968,432.15029812506526
5.51999999999997,-3.4991540115721715,-7.783368234124928,32.19971354687824,5.538886961949677,6.196184853725825,0.0,-1.7430631462103339,-8.66050240927792,3.490438256299686,-0.2714310420328903,-0.1297422807073915,0.0,425.2400766401585,423.2735469682175,422.94517634662077,423.9101633216797
5.579999999999969,-3.6028329201858194,-8.312337577158132,32.40057854528849,5.522456129353415,6.188374176042753,0.0,-1.7124744120194986,-8.972598477506924,3.203684436925081,-0.2791659695855461,-0.13106291263239092,0.0,419.76771538076247,419.6364276083481,420.31008943054127,419.5581611579529
5.639999999999968,-3.7044648597622643,-8.861092329242641,32.58489349772193,5.506026438666332,6.180170800512121,0.0,-1.6748125456297962,-9.31982805706475,2.9383589086995707,-0.26487661705076526,-0.1515122083085822,0.0,436.05616694120033,434.32577644570205,432.52605842480284,433.65007409283777
5.699999999999966,-3.803382716018384,-9.433209678320145,32.75536252505801,5.490687062614821,6.171204660467506,0.0,-1.6218947224404476,-9.750876176271635,2.7413489763650998,-0.24171863333025834,-0.14558067308558265,0.0,469.9396050566649,470.37965002234125,468.41208466644196,470.1476049079793
5.759999999999965,-3.8994204534413335,-10.028685362294905,32.91101351329817,5.476308185596219,6.162048917530159,0.0,-1.5788996768784196,-10.098841401778891,2.4452694875421876,-0.23580598862390167,-0.17275711222023218,0.0,433.56134821055036,431.2476475775452,433.2372791067783,433.675362386591
5.819999999999964,-3.9927673905066494,-10.645213335077003,33.04860790208627,5.461960966882829,6.152013755467003,0.0,-1.5321418061113512,-10.45258204518973,2.139378337466525,-0.24672818045402428,-0.15805815730729067,0.0,434.14815485338954,435.35257930145383,433.66532792079704,432.68759043037085
5.879999999999963,-4.082867652555988,-11.284931951566977,33.169199482838,5.447310507619562,6.142410978226916,0.0,-1.4707131404803164,-10.871440979440122,1.8777878558474619,-0.23951073544185097,-0.16434648122987694,0.0,461.43287788685006,460.91264489970956,460.15603748574233,460.66982586075477
5.939999999999961,-4.169539186959144,-11.947953403561561,33.27192246473221,5.433142407097828,6.132443069504337,0.0,-1.417883499577782,-11.229687445330953,1.544305276550016,-0.23012956813252894,-0.16995984737562583,0.0,435.18371425416706,434.6863263314049,434.17001172660076,434.8996341804925
5.99999999999996,-4.2515511532617705,-12.639395764319529,33.36020845737594,5.418812147955293,6.1221978479112416,0.0,-1.3153301130598756,-11.817271641430708,1.3943595707583774,-0.26841769874948307,-0.17238823147617718,0.0,524.933403120003,524.7417321328306,525.102121166501,522.3889829615453
6.059999999999959,-4.328696217899921,-13.359434390651618,33.43317619111271,5.402421039727731,6.111693092156868,0.0,-1.2557756653231962,-12.18424863718164,1.035522698542053,-0.2849799365777182,-0.18108274775018726,0.0,441.4660828412471,440.717901985984,443.0166005850791,441.5756706580387
6.1199999999999575,-4.402329713601354,-14.100912868873227,33.48361299408031,5.3852573451910235,6.100591578699699,0.0,-1.1982993670368496,-12.531992201084378,0.6433795526639802,-0.2883118979747305,-0.1943668920032686,0.0,433.5999687641134,432.447566074363,433.1512410883406,432.78536681893667
6.179999999999956,-4.4722601336770165,-14.864060678744204,33.51063676687836,5.367640074573975,6.088985360412435,0.0,-1.1323483889943566,-12.906315191644408,0.25473117681805424,-0.3071720450855378,-0.19164197626049234,0.0,442.8547964471597,443.0423527760282,444.6251144461219,442.98797204555484
6.239999999999955,-4.538012680473562,-15.650278414013881,33.514251793910134,5.349080899176753,6.078268200210658,0.0,-1.059139697461816,-13.300713739096295,-0.13727966732976038,-0.3139899058762545,-0.16062348936239315,0.0,450.3254132192354,452.79748761769514,451.8617702168734,451.2154075109014
6.299999999999954,-4.599707109186497,-16.45865738953554,33.49265773671298,5.331255204246915,6.068906456662521,0.0,-0.9971848616889758,-13.645280025651461,-0.5851944669702105,-0.2756323241848967,-0.14814803624514442,0.0,432.6878715320481,433.7135475872715,429.49231027623665,432.63969821012284
6.359999999999952,-4.657845483410199,-17.287011678907533,33.44314841537202,5.314604455377566,6.060448390962648,0.0,-0.9406368429296853,-13.966744186330908,-1.0675985080609922,-0.28155575003204436,-0.12951507226595632,0.0,422.33229274676154,423.9173476474933,422.0497291080028,421.45530917235453
6.419999999999951,-4.7121082246126305,-18.13636977649997,33.3653280012731,5.297655857080494,6.0527360935306636,0.0,-0.8681458826035262,-14.34485939770083,-1.529559619602466,-0.28438032373771444,-0.12665491121302755,0.0,444.0796610929921,444.29921781161505,445.861528300719,445.5499320945985
6.47999999999995,-4.761918511184673,-19.008738961767293,33.25940687422046,5.280831005281282,6.0456638689109745,0.0,-0.7923087891693649,-14.733591797517056,-2.0045157619668865,-0.27348813870394956,-0.10443147773084745,0.0,449.6896719684208,451.474587087718,449.1402097664236,449.9443915091334
6.5399999999999485,-4.807410338570476,-19.903620476401528,33.123854424656734,5.264883575719326,6.039213582234224,0.0,-0.724232042647766,-15.095440674741447,-2.517134360703748,-0.25369138182423484,-0.11448838852771637,0.0,441.7125052458608,440.8716023896284,440.0526504673453,441.61684589506467
6.599999999999947,-4.848684914546369,-20.82069589213093,32.95722341086678,5.2492721174025405,6.032529565649938,0.0,-0.6517689590816991,-15.473251513611986,-3.0406961963860013,-0.27813107858071834,-0.10585096406323795,0.0,447.91811663850086,448.6094582051219,448.90025847461783,446.84292999055174
6.659999999999946,-4.885416368786309,-21.761128507612273,32.75893581644577,5.232291425829381,6.026150419502724,0.0,-0.5729504656021278,-15.873565044765451,-3.572799387408286,-0.29516175458968064,-0.10727138367640346,0.0,459.2435698020558,459.12132842049607,457.5661274265767,456.1281664171994
6.719999999999945,-4.918113431887006,-22.72333359868494,32.52675697446584,5.214608001775172,6.019699348250663,0.0,-0.5172291135922966,-16.19943699900468,-4.169994427903141,-0.29386392848794013,-0.10801497221585289,0.0,432.9369477506033,432.8638535160049,431.9922818821736,432.01069943214833
6.779999999999943,-4.94632348039418,-23.70888231936766,32.26015222670692,5.196808273248346,6.013121940662121,0.0,-0.42370596934453697,-16.650406436152423,-4.721558127874597,-0.3029277463552108,-0.11304862312291165,0.0,479.7016634071482,479.30941468399874,480.25185279251906,479.48089642104935
6.839999999999942,-4.970677112998258,-24.715928055841793,31.956778442565763,5.178892584759778,6.006425640019389,0.0,-0.38836429329331307,-16.917524178063104,-5.394306204565339,-0.29111259174963705,-0.10886610111509125,0.0,415.2849673401623,415.6399211195664,416.3023194389353,417.23813717183884
6.899999999999941,-4.992050596595629,-25.74182966480924,31.6137775610817,5.1613642126944885,5.999904136443854,0.0,-0.324632837195666,-17.277976310481062,-6.0434151207477935,-0.2942712647874889,-0.10834553985107363,0.0,452.17986834380895,452.21164964666013,452.5287874716485,452.1891682307728
6.95999999999994,-5.009793022618579,-26.78886640392974,31.230822705880144,5.143435036564222,5.994081802061228,0.0,-0.26739591492457165,-17.62196628838835,-6.726217886748502,-0.3099335506020692,-0.08077477222776189,0.0,448.6475936764176,450.8735867373053,449.791409354136,448.4299432920605
7.019999999999938,-5.024593895856631,-27.855171293687707,30.80548090585808,5.1247214213535255,5.9891315741537685,0.0,-0.22661439699310468,-17.920328494684252,-7.45625190495755,-0.3161216405417861,-0.08620525972514183,0.0,436.62248524610357,436.1632143505419,436.31741972303774,435.69859392304636
7.079999999999937,-5.0372350158008565,-28.938666879488476,30.335232157770086,5.10529952743277,5.983803133998638,0.0,-0.19543559888002993,-18.194959983804218,-8.223203350728008,-0.3464689772331257,-0.09459396332172776,0.0,431.66858269031076,430.95276026513767,431.1852891098564,428.4986410852036
7.139999999999936,-5.047567699900251,-30.04010897715284,29.818756582741837,5.08429175477786,5.97850548291145,0.0,-0.1500004691171829,-18.517457333708563,-8.997841552337702,-0.3586656245245716,-0.07799770990598642,0.0,450.57098757269176,451.9051300817979,452.62030000918594,451.51260156320586
7.1999999999999345,-5.05578881806334,-31.159225783311836,29.254282339295035,5.063007253761807,5.973738361470744,0.0,-0.12504329372968107,-18.78425732906476,-9.82303237173542,-0.34788455306181465,-0.08252995485615956,0.0,437.96639129358095,437.58383434467777,437.1076894563582,437.8738550919458
7.259999999999933,-5.060962880187109,-32.29905728489441,28.641119398537338,5.042275004451366,5.968443123420654,0.0,-0.04903419855585898,-19.206020845469958,-10.622246433239674,-0.3412260848433137,-0.10328053643486497,0.0,496.42540920504047,494.8936792028584,495.08795472484036,495.46851014164594
7.319999999999932,-5.063046736192701,-33.46004933169346,27.977557669611684,5.0225337728778126,5.962111592853862,0.0,-0.02165541992188591,-19.491023602870946,-11.502266110314135,-0.31185460371032764,-0.11043835518995179,0.0,459.77561195834676,459.1983988714153,457.83884801755056,460.0627691959557
7.379999999999931,-5.064129389662989,-34.63648982578834,27.259648536310177,5.004257143859249,5.9551088895045545,0.0,-0.015495486595711037,-19.72174074500503,-12.433811999612182,-0.29308961488599306,-0.13378612189676414,0.0,447.46227664715644,445.54356276762485,445.26716855255023,446.70607389951965
7.439999999999929,-5.065612540760274,-35.82484599564446,26.484191569071935,4.986876279078524,5.946484963253617,0.0,-0.03483455238511239,-19.889095329166924,-13.420537632275483,-0.2836260973316774,-0.1887839205359252,0.0,430.8151075113794,426.11259717008727,426.75038933896315,427.4690243810682
7.499999999999928,-5.068282081479067,-37.02348632293238,25.64845234523187,4.9699305285513145,5.935528582494044,0.0,-0.05515256151606914,-20.064589217704075,-14.44372390595842,-0.280142128357855,-0.17248247523378737,0.0,431.8409109718547,433.18135331985746,433.3949920465069,433.6049074773206
7.559999999999927,-5.072818795296208,-38.23128354763254,24.74970780700187,4.953648860603824,5.924768746650745,0.0,-0.09701884544118457,-20.194805001910417,-15.521034222936239,-0.2579412174612928,-0.19874987577303754,0.0,419.53485449389314,417.2118154748803,418.44880509266704,420.29871058016994
7.6199999999999255,-5.078080927232868,-39.451917723515216,23.786180449274877,4.93878952842946,5.912489503663,0.0,-0.07988412093636184,-20.490682837585304,-16.604750122202322,-0.23250988672452316,-0.22031164293791036,0.0,478.7721829688391,477.08915715525194,476.46921772210163,478.35333605158615
7.679999999999924,-5.082575635949463,-40.68997501175706,22.755946110480604,4.924741240527215,5.899156681690538,0.0,-0.07143621061563825,-20.776015575874712,-17.74526407037061,-0.23760411827287203,-0.22631012221650323,0.0,479.14762995748936,478.64594790556254,478.7984335245239,478.360040383579
7.739999999999923,-5.088954095107775,-41.93977967758742,21.65437149244677,4.91081309261976,5.885645186817381,0.0,-0.14221704739500854,-20.884583438441847,-18.98266569146882,-0.22299666127162487,-0.22304738757241344,0.0,420.8968090252564,421.1259225897366,420.71555915032906,421.92240065119904
7.799999999999922,-5.098142418005354,-43.200027002419866,20.477461617571407,4.89756212041463,5.872403181584193,0.0,-0.16563607331823135,-21.122454902683206,-20.258103849613466,-0.21687520835531673,-0.2163838362247067,0.0,465.63666701683945,466.1122677230028,466.0749068140774,466.5076482733289
7.85999999999992,-5.110055105454353,-44.472081815305984,19.221422619093335,4.884916440777893,5.859500462014193,0.0,-0.23279381180836403,-21.279375735518837,-21.62108406820821,-0.20072615144703737,-0.2124988147402207,0.0,440.05419837199605,440.32979378387785,439.95104915124637,441.2427870604019
7.919999999999919,-5.126000631267844,-45.75415610772852,17.881335066253246,4.873087070391589,5.846892769634627,0.0,-0.30016695712541147,-21.456418695375973,-23.061213588506916,-0.1908414354785595,-0.20577205764146833,0.0,447.4163400942934,447.9209608389161,446.5161766894739,447.28467502020027
7.979999999999918,-5.146242970913854,-47.046949284417785,16.452168016529267,4.861202826576527,5.834482681633624,0.0,-0.3761376864918663,-21.636680928739096,-24.591997350601957,-0.2191982273437292,-0.20904577302948152,0.0,448.8614869941731,448.5538788795548,449.1164549693666,446.76953254852754
8.039999999999917,-5.170812735304482,-48.35168459554479,14.928322355873785,4.848278391516139,5.821623673144519,0.0,-0.4450445721717589,-21.8532245210375,-26.218916384556547,-0.20874808929037797,-0.2277522147390384,0.0,463.4983852367273,461.98083315614593,461.05035448856046,461.83188994881175
8.099999999999916,-5.200896851831628,-49.66733583642534,13.303217723698864,4.835627318792323,5.809010383845433,0.0,-0.55973232470168,-22.001673051234643,-27.96914521338135,-0.21542050646599445,-0.18822685332502645,0.0,438.99028073692125,442.2148824171132,440.437794395328,439.8407548261658
8.159999999999915,-5.238826698511414,-50.99077367176095,11.569176497124738,4.823301191336519,5.797354992313942,0.0,-0.7065920344236523,-22.112919758977803,-29.85249822751857,-0.19061998331923777,-0.21038176624397265,0.0,427.9141491960289,425.9830595801178,426.9907971748661,429.05931071584985
8.219999999999914,-5.283750582848229,-52.32509002151069,9.718262035601766,4.812064003726327,5.784890441729278,0.0,-0.7936087052529703,-22.3629036538841,-31.8685575473544,-0.1813458910964543,-0.20293485485734458,0.0,477.02933228254636,477.5588814848892,475.7149272670221,476.39353701293686
8.279999999999912,-5.335603113548166,-53.67205424171759,7.7410846903336425,4.800610435958017,5.772224519530916,0.0,-0.9372631065518552,-22.535707772336476,-34.06468192157387,-0.22833205472677556,-0.23712818807909197,0.0,453.26054093434743,450.4570143731583,454.89264001206686,451.0736361222656
8.339999999999911,-5.397826408723168,-55.02714823830859,5.626176677153483,4.786705727051864,5.7578443956215,0.0,-1.1399361594429551,-22.633348706963822,-36.46299695527065,-0.2396178377498695,-0.24529437708969432,0.0,426.62727850340974,425.86858889285054,427.7010887274857,426.6818190623582
8.39999999999991,-5.471209397392144,-56.390749773243215,3.3610089389265454,4.7724348178700176,5.743359320109661,0.0,-1.310419128131934,-22.817102733700125,-39.078620914487225,-0.2345321943024651,-0.23462782059604714,0.0,461.9275394918636,462.71276449081313,461.12388730721864,461.4716081880766
8.459999999999908,-5.557256259125,-57.762194683747445,0.9310280265247706,4.758162699109214,5.7296161033844175,0.0,-1.561867769446298,-22.895710416544432,-41.96281770229422,-0.24553556837410842,-0.2197653869955556,0.0,428.867032257122,430.07435818742323,431.24944892116645,430.2594397640218
8.519999999999907,-5.658593456136214,-59.13893177816083,0.0,4.744092102323039,5.715903551841899,0.0,-1.8209488368634579,-22.991957599679736,-45.15488206461096,-0.2185593489664415,-0.25863718998307794,0.0,446.396680662603,443.15613540223995,441.71109469261444,443.87630981203296
